10 600 4
95 90 85 75 80 88 70 65 60 55
0 8 15 12 10 12 9 7 8 11 9
8 0 18 15 12 14 11 3 2 13 10
15 18 0 5 12 8 14 17 18 7 13
12 15 5 0 10 6 12 14 15 5 11
10 12 12 10 0 8 4 11 12 9 3
12 14 8 6 8 0 10 13 14 3 9
9 11 14 12 4 10 0 10 11 11 2
7 3 17 14 11 13 10 0 4 12 9
8 2 18 15 12 14 11 4 0 13 10
11 13 7 5 9 3 11 12 13 0 10
9 10 13 11 3 9 2 9 10 10 0
45 60 90 70
40 55 85 65
35 50 75 55
25 35 50 35
30 40 55 40
40 55 80 60
25 35 45 30
20 30 40 25
15 25 35 20
20 30 40 25
